[0] 0 (200) 26 true
[1] 0 (400) 30 false
[2] 0 (600) 32 false
[3] 0 (800) 18 false
[4] 0 (1000) 20 true
[5] 0 (1200) 20 false
[6] 0 (1400) 25 false
[7] 0 (1600) 23 false
[8] 0 (1800) 25 false
[9] 0 (2000) 33 false
[10] 740.529 (2200) 26 true
[11] 1715.42 (2400) 32 false
[12] 1484.02 (2600) 23 true
[13] 379.21 (2800) 35 false
[14] 1053.76 (3000) 29 true
[15] 1764.88 (3200) 35 true
[16] 1014.6 (3400) 33 false
[17] 1222.74 (3600) 39 false
[18] 1913.75 (3800) 38 false
[19] 1611.72 (4000) 27 false
[20] 2788.18 (4200) 34 false
[21] 3617.4 (4400) 38 true
[22] 3653.27 (4600) 33 false
[23] 3472.54 (4800) 27 true
[24] 3075.05 (5000) 34 false
[25] 6050.17 (5200) 33 true
[26] 4005.54 (5400) 33 false
[27] 4733.73 (5600) 39 true
[28] 7049.91 (5800) 41 true
[29] 5575.95 (6000) 31 false
[30] 6405.98 (6200) 41 false
[31] 7384.23 (6400) 40 false
[32] 7140.57 (6600) 44 false
[33] 6690.55 (6800) 38 false
[34] 6650.7 (7000) 34 false
[35] 7588.97 (7200) 31 true
[36] 8762.07 (7400) 37 true
[37] 7334.87 (7600) 31 true
[38] 8702.35 (7800) 36 true
[39] 9307.7 (8000) 37 true
[40] 6758.96 (8200) 32 false
[41] 9310.07 (8400) 31 true
[42] 9824.41 (8600) 38 true
[43] 10020.2 (8800) 31 false
[44] 10994.6 (9000) 23 true
[45] 9365.85 (9200) 29 false
[46] 9843.77 (9400) 41 false
[47] 9890.39 (9600) 29 true
[48] 11199.5 (9800) 28 false
[49] 10218.9 (10000) 25 true
[50] 13352.5 (10200) 23 true
[51] 11287.8 (10400) 23 false
[52] 11058.4 (10600) 29 true
[53] 13988 (10800) 17 true
[54] 13007.6 (11000) 26 true
[55] 11966 (11200) 34 true
[56] 9843.9 (11400) 29 true
[57] 13973.8 (11600) 27 true
[58] 13230.3 (11800) 29 true
[59] 13950.6 (12000) 29 false
[60] 11941.3 (12200) 24 false
[61] 13139.7 (12400) 24 false
[62] 12130.8 (12600) 25 false
[63] 13071.8 (12800) 35 true
[64] 12565.7 (13000) 33 false
[65] 13046.9 (13200) 33 false
[66] 14626.6 (13400) 28 true
[67] 15100.2 (13600) 27 false
[68] 13842.3 (13800) 33 true
[69] 14416.9 (14000) 30 false
[70] 15230.2 (14200) 29 true
[71] 14194.5 (14400) 38 false
[72] 15623 (14600) 26 true
[73] 15125.5 (14800) 29 false
[74] 14607.8 (15000) 31 false
[75] 15278.5 (15200) 30 false
[76] 15600.4 (15400) 28 true
[77] 16739.6 (15600) 33 true
[78] 15425.8 (15800) 28 false
[79] 15516 (16000) 39 false
[80] 15193.6 (16200) 29 false
[81] 15569.5 (16400) 29 false
[82] 15511 (16600) 27 false
[83] 15352.9 (16800) 23 true
[84] 16049.4 (17000) 35 true
[85] 16610.7 (17200) 33 false
[86] 16428.8 (17400) 30 true
[87] 15395.7 (17600) 25 false
[88] 16516.9 (17800) 28 true
[89] 16108.3 (18000) 29 true
[90] 17106.8 (18200) 32 true
[91] 16444.5 (18400) 29 true
[92] 16867.2 (18600) 29 false
[93] 16174.1 (18800) 24 true
[94] 16232.2 (19000) 26 false
[95] 16363.8 (19200) 26 true
[96] 16137.1 (19400) 25 false
[97] 17703.9 (19600) 30 true
[98] 16604.9 (19800) 21 true
[99] 16419 (20000) 25 true
---
[0] 0 (200) 55 false
[1] 0 (400) 59 false
[2] 0 (600) 62 false
[3] 0 (800) 44 false
[4] 0 (1000) 47 false
[5] 0 (1200) 48 false
[6] 0 (1400) 56 false
[7] 346.491 (1600) 61 true
[8] 2641.99 (1800) 69 true
[9] 2759.92 (2000) 84 false
[10] 2977.61 (2200) 72 true
[11] 3575.4 (2400) 82 true
[12] 4310.22 (2600) 69 false
[13] 4436.18 (2800) 76 false
[14] 4500.41 (3000) 71 false
[15] 4802.06 (3200) 73 false
[16] 5407.66 (3400) 79 false
[17] 6421.39 (3600) 79 true
[18] 6330.52 (3800) 80 true
[19] 5896 (4000) 63 false
[20] 6462.51 (4200) 72 true
[21] 6375.28 (4400) 73 true
[22] 7178.23 (4600) 71 false
[23] 7952.25 (4800) 65 true
[24] 7536.65 (5000) 72 false
[25] 8348.92 (5200) 72 true
[26] 8014.35 (5400) 70 false
[27] 7902.5 (5600) 66 false
[28] 8705.29 (5800) 74 false
[29] 9230.6 (6000) 65 false
[30] 8736.87 (6200) 71 false
[31] 9063.72 (6400) 76 true
[32] 9728.06 (6600) 75 true
[33] 10535.3 (6800) 66 false
[34] 10707.8 (7000) 62 true
[35] 10395.9 (7200) 63 false
[36] 10506.3 (7400) 69 false
[37] 11688.8 (7600) 56 false
[38] 10969.5 (7800) 68 true
[39] 11094.1 (8000) 69 true
[40] 12071.5 (8200) 60 false
[41] 11773.2 (8400) 63 true
[42] 11484.4 (8600) 63 false
[43] 12653.9 (8800) 61 true
[44] 14772.1 (9000) 54 true
[45] 12996.3 (9200) 62 true
[46] 12674.4 (9400) 72 true
[47] 14515.7 (9600) 58 false
[48] 13970.8 (9800) 60 false
[49] 14428.7 (10000) 57 false
[50] 12082.7 (10200) 44 false
[51] 14477.2 (10400) 56 false
[52] 13856 (10600) 56 true
[53] 15632.9 (10800) 52 false
[54] 16087.1 (11000) 56 false
[55] 15457.9 (11200) 62 false
[56] 17022 (11400) 49 true
[57] 15979.5 (11600) 59 false
[58] 15721.8 (11800) 62 true
[59] 16000.8 (12000) 54 false
[60] 15743.3 (12200) 56 false
[61] 16464.7 (12400) 52 false
[62] 16917.4 (12600) 49 true
[63] 16587.5 (12800) 57 true
[64] 16164 (13000) 53 true
[65] 16107.6 (13200) 61 false
[66] 16267.2 (13400) 62 false
[67] 16264 (13600) 61 true
[68] 17028.6 (13800) 65 true
[69] 16783.9 (14000) 62 false
[70] 17627.2 (14200) 46 false
[71] 16953.7 (14400) 61 true
[72] 17493.2 (14600) 58 true
[73] 17052 (14800) 54 false
[74] 17085.3 (15000) 57 true
[75] 17283.8 (15200) 60 true
[76] 17506.7 (15400) 58 false
[77] 16563.6 (15600) 59 false
[78] 18448.3 (15800) 47 false
[79] 17598 (16000) 66 true
[80] 18415.1 (16200) 50 false
[81] 18437.1 (16400) 49 false
[82] 18490.8 (16600) 47 true
[83] 18534 (16800) 46 false
[84] 18720.7 (17000) 64 false
[85] 18523.4 (17200) 58 false
[86] 18647.4 (17400) 54 true
[87] 18919.1 (17600) 56 false
[88] 17956.7 (17800) 49 true
[89] 18471.5 (18000) 51 true
[90] 18343.2 (18200) 49 true
[91] 18667.3 (18400) 55 false
[92] 18940.2 (18600) 49 false
[93] 18802.5 (18800) 38 true
[94] 18621.7 (19000) 45 true
[95] 18817.8 (19200) 46 false
[96] 18952.5 (19400) 49 true
[97] 18583.4 (19600) 48 true
[98] 19077.2 (19800) 48 true
[99] 19184.3 (20000) 53 true
---
[0] 0 (200) 121 false
[1] 0 (400) 126 true
[2] 0 (600) 128 true
[3] 0 (800) 108 false
[4] 0 (1000) 109 false
[5] 0 (1200) 112 false
[6] 0 (1400) 122 false
[7] 284.624 (1600) 132 false
[8] 1841.27 (1800) 177 true
[9] 3839.28 (2000) 198 false
[10] 4235.32 (2200) 174 true
[11] 3872.39 (2400) 172 false
[12] 3802.32 (2600) 160 false
[13] 4095.26 (2800) 159 true
[14] 4206.97 (3000) 156 false
[15] 4325.1 (3200) 145 true
[16] 4441.12 (3400) 159 false
[17] 5002.15 (3600) 166 true
[18] 5347.95 (3800) 172 true
[19] 6027.92 (4000) 147 false
[20] 6169.13 (4200) 158 true
[21] 5692.29 (4400) 156 false
[22] 6511.25 (4600) 161 true
[23] 6369.77 (4800) 158 true
[24] 6042.18 (5000) 159 false
[25] 7045.71 (5200) 152 false
[26] 7541.78 (5400) 151 true
[27] 7693.13 (5600) 143 false
[28] 8054.83 (5800) 170 true
[29] 8192.17 (6000) 148 false
[30] 8516.1 (6200) 159 false
[31] 8944.59 (6400) 163 true
[32] 8569.81 (6600) 169 false
[33] 9095.98 (6800) 164 true
[34] 9721.3 (7000) 145 true
[35] 9645.49 (7200) 165 true
[36] 10783.2 (7400) 170 true
[37] 10443.7 (7600) 155 false
[38] 11022.1 (7800) 156 true
[39] 11191.1 (8000) 151 false
[40] 10942 (8200) 141 false
[41] 11769.1 (8400) 149 false
[42] 12010.4 (8600) 134 false
[43] 11787.4 (8800) 136 false
[44] 12111.8 (9000) 138 false
[45] 12537.3 (9200) 144 true
[46] 12765.3 (9400) 159 false
[47] 13091.7 (9600) 158 false
[48] 12470.2 (9800) 149 false
[49] 13176.1 (10000) 136 false
[50] 13855.3 (10200) 117 true
[51] 13879.1 (10400) 129 true
[52] 13793.4 (10600) 127 false
[53] 14121.1 (10800) 125 false
[54] 14266.5 (11000) 135 true
[55] 14047.9 (11200) 132 true
[56] 14226.9 (11400) 138 true
[57] 14430 (11600) 135 true
[58] 14756.1 (11800) 144 true
[59] 14905.4 (12000) 126 true
[60] 14102.4 (12200) 151 false
[61] 15066.2 (12400) 140 true
[62] 14642.1 (12600) 139 false
[63] 15013.8 (12800) 149 false
[64] 15423.9 (13000) 135 true
[65] 15275.3 (13200) 137 true
[66] 16145.4 (13400) 152 true
[67] 16476.3 (13600) 142 true
[68] 17009.4 (13800) 137 false
[69] 16737.3 (14000) 139 false
[70] 16682.1 (14200) 120 true
[71] 16753.8 (14400) 143 false
[72] 17067.6 (14600) 147 true
[73] 17164.4 (14800) 135 false
[74] 17243.7 (15000) 145 false
[75] 17227.6 (15200) 147 false
[76] 17180.7 (15400) 153 false
[77] 17219.5 (15600) 153 false
[78] 17476.8 (15800) 140 true
[79] 17191.2 (16000) 176 false
[80] 17413.5 (16200) 135 false
[81] 17183.5 (16400) 162 false
[82] 17516.2 (16600) 139 false
[83] 18350.2 (16800) 137 false
[84] 18040.1 (17000) 172 true
[85] 19726.1 (17200) 141 false
[86] 19793 (17400) 136 false
[87] 19785.9 (17600) 129 true
[88] 19789.8 (17800) 126 false
[89] 19791.6 (18000) 129 false
[90] 19791.2 (18200) 132 true
[91] 19799.3 (18400) 136 true
[92] 19799.2 (18600) 142 true
[93] 19799.2 (18800) 122 true
[94] 19819.9 (19000) 122 false
[95] 19819.9 (19200) 124 true
[96] 19819.7 (19400) 120 true
[97] 19819.9 (19600) 127 true
[98] 19821.9 (19800) 115 false
[99] 19848.3 (20000) 126 false
---
